16
[-38.45210, 7.73410, 442.71716, 0.75629, -0.20002, -0.31727, -0.53607]
[-37.05015, 7.61265, 443.80396, 0.75067, -0.20522, -0.33815, -0.52918]
17
[-52.68655, 6.03821, 435.70850, 0.75752, -0.18963, -0.30199, -0.54681]
[-49.29114, 8.23219, 435.15015, 0.75208, -0.20390, -0.29603, -0.55242]
18
[-70.48631, 7.49142, 421.68140, 0.75632, -0.18337, -0.29062, -0.55669]
[-64.28159, 12.99601, 427.84045, 0.71474, -0.19098, -0.27064, -0.61598]
19
[-86.36911, 5.91115, 412.00159, 0.73743, -0.17751, -0.28569, -0.58573]
[-81.68566, 14.36437, 409.53278, 0.69780, -0.16859, -0.23720, -0.65451]
20
[-101.22968, 6.50170, 391.30359, 0.73157, -0.19467, -0.27037, -0.59482]
[-93.32846, 11.26777, 397.16143, 0.67554, -0.20166, -0.23984, -0.66743]
21

[-109.34307, 9.16244, 381.59473, 0.71981, -0.20325, -0.24551, -0.61667]
[-100.38546, 13.42685, 391.01603, -0.66213, 0.22194, 0.23577, 0.67583]
22
[-109.94933, 15.92469, 377.71873, 0.70533, -0.21677, -0.22856, -0.63504]
[-103.53327, 15.82690, 392.20450, -0.65347, 0.24545, 0.25880, 0.66765]
23
[-106.33129, 22.66033, 377.76053, 0.68775, -0.23632, -0.20996, -0.65350]
[-104.80724, 20.60436, 385.64087, -0.65860, 0.23298, 0.23352, 0.67634]
24
[-100.73490, 26.71405, 378.93242, -0.66314, 0.24947, 0.19732, 0.67754]
[-106.43646, 22.27502, 386.38818, -0.65247, 0.22821, 0.23932, 0.68186]
25
[-100.14972, 31.98071, 382.56909, -0.63694, 0.26566, 0.17844, 0.70135]
[-98.94349, 29.31477, 389.89624, -0.62892, 0.28356, 0.22170, 0.68913]
26
[-99.03367, 35.29502, 384.69019, -0.61975, 0.26316, 0.17377, 0.71866]
[-98.26163, 31.29999, 391.05226, -0.61979, 0.28605, 0.22562, 0.69507]
27
[-95.82433, 41.49467, 388.74316, -0.59383, 0.28008, 0.15619, 0.73792]
[-98.19802, 35.92981, 389.09143, -0.62025, 0.28047, 0.21648, 0.69984]
28
[-91.68260, 48.08307, 393.73364, -0.57409, 0.28967, 0.15321, 0.75036]
[-96.57060, 42.13655, 392.80591, -0.60330, 0.27683, 0.20693, 0.71873]
29
[-87.03294, 55.65565, 398.80759, -0.54276, 0.31014, 0.14740, 0.76648]
[-89.67194, 52.89503, 396.66931, -0.58160, 0.30031, 0.19380, 0.73075]
30
[-83.08737, 66.14423, 400.89766, -0.53223, 0.31477, 0.12737, 0.77551]
[-89.05349, 60.10131, 401.87512, -0.55882, 0.30203, 0.19302, 0.74783]
31
[-78.21025, 75.14704, 402.85794, -0.52415, 0.31394, 0.10823, 0.78421]
[-80.92673, 66.86318, 410.28223, -0.52157, 0.31853, 0.18332, 0.77000]
32
[-71.31618, 76.13423, 415.44204, -0.50303, 0.34658, 0.14513, 0.77832]
[-69.81199, 71.34936, 417.41003, -0.49050, 0.33426, 0.16311, 0.78808]
33
[-60.14132, 68.37303, 430.04163, -0.48212, 0.34260, 0.19955, 0.78126]
[-47.21611, 67.67041, 433.07563, -0.43202, 0.38384, 0.16159, 0.79994]
34
[-42.19050, 64.57620, 441.19958, -0.50193, 0.34522, 0.20939, 0.76488]
[-27.22265, 61.63787, 451.73086, -0.38307, 0.38565, 0.13656, 0.82818]
35
[-29.85968, 60.70732, 451.18427, -0.55197, 0.32842, 0.23468, 0.72965]
[-9.04446, 50.38718, 472.81836, -0.32797, 0.38699, 0.12896, 0.85208]
36
[-29.32682, 60.95151, 455.37763, -0.57868, 0.30892, 0.25729, 0.70958]
[5.89256, 47.38394, 483.71048, -0.28523, 0.41845, 0.12198, 0.85362]
37
[-37.80264, 69.11214, 447.52808, -0.61527, 0.30375, 0.25103, 0.68277]
[10.34515, 50.47426, 477.17920, -0.27312, 0.43042, 0.05721, 0.85841]