15
[-71.32520, -13.54671, 401.74548, 0.74295, -0.18732, -0.31244, -0.56153]
[-69.10697, -14.84708, 401.48263, 0.75701, -0.20871, -0.35111, -0.50999]
16
[-52.52957, 2.19730, 416.74731, 0.74587, -0.19399, -0.31177, -0.55574]
[-50.79350, -0.80496, 416.47400, 0.75319, -0.19076, -0.34006, -0.52978]
17
[-40.64773, 16.91347, 427.18176, 0.75309, -0.20334, -0.30802, -0.54463]
[-39.92400, 16.04360, 427.10217, 0.74834, -0.20889, -0.32487, -0.53927]
18
[-44.13124, 23.58315, 425.18176, 0.75309, -0.20334, -0.30802, -0.54463]
[-33.46071, 30.68118, 439.71997, 0.69282, -0.24632, -0.30832, -0.60354]
19
[-60.85129, 23.18077, 406.71962, 0.73781, -0.19782, -0.30869, -0.56675]
[-50.28095, 31.00758, 414.70801, 0.69571, -0.23173, -0.28013, -0.61953]
20
[-81.05223, 16.86865, 388.39258, 0.73094, -0.20804, -0.31766, -0.56705]
[-68.51613, 27.40729, 397.45081, 0.66855, -0.24975, -0.26583, -0.64807]
21
[-95.73990, 18.60924, 388.73460, 0.72321, -0.23349, -0.29762, -0.57782]
[-89.08141, 23.83474, 397.45081, 0.66855, -0.24975, -0.26583, -0.64807]
22
[-103.95694, 21.58633, 363.34771, 0.70201, -0.23211, -0.27382, -0.61508]
[-96.60494, 27.84057, 362.78939, 0.68282, -0.27830, -0.24841, -0.62817]
23
[-103.56437, 28.42958, 365.22890, 0.67687, -0.26600, -0.25274, -0.63814]
[-97.93490, 28.85993, 369.76404, -0.64793, 0.26952, 0.24997, 0.66712]
24
[-99.73482, 34.65654, 367.33645, -0.65445, 0.27729, 0.22611, 0.66609]
[-99.36425, 31.55627, 372.89087, -0.63456, 0.26954, 0.25227, 0.67900]
25
[-98.27025, 40.78766, 369.61728, -0.62776, 0.28390, 0.21527, 0.69208]
[-86.52231, 41.28288, 371.00610, -0.61894, 0.30610, 0.21955, 0.68922]
26
[-95.56818, 48.78097, 375.78016, -0.60365, 0.31446, 0.20849, 0.70232]
[-94.95538, 44.70338, 371.47280, -0.62055, 0.29903, 0.23010, 0.68743]
27
[-91.37850, 54.62078, 378.79683, -0.57828, 0.31594, 0.17984, 0.73036]
[-92.60302, 48.38689, 380.26751, -0.59698, 0.31663, 0.25700, 0.69088]
28
[-86.95347, 61.07932, 374.39528, -0.56734, 0.27582, 0.13371, 0.76431]
[-88.59145, 54.07727, 384.31747, -0.58607, 0.32896, 0.26567, 0.69117]
29
[-77.55366, 70.91683, 388.94673, -0.53482, 0.35545, 0.14763, 0.75221]
[-79.54612, 62.02787, 388.63513, -0.56282, 0.34639, 0.24977, 0.70771]
30
[-71.22585, 77.94315, 393.47259, -0.52158, 0.35281, 0.15383, 0.76146]
[-72.65811, 70.12880, 395.01110, -0.53467, 0.35192, 0.23119, 0.73268]
31
[-62.39208, 84.12532, 405.31777, -0.46845, 0.39648, 0.18048, 0.76863]
[-65.05280, 78.79883, 398.12900, -0.50961, 0.36865, 0.22174, 0.74513]
32
[-55.32938, 88.35501, 409.49148, -0.45523, 0.39867, 0.19328, 0.77232]
[-61.38925, 83.06288, 404.75879, -0.48291, 0.34519, 0.20676, 0.77775]
33
[-43.69313, 88.53917, 413.29716, -0.45537, 0.39181, 0.18858, 0.77689]
[-36.27394, 78.42509, 419.85141, -0.41347, 0.41073, 0.22318, 0.78136]
34
[-30.46012, 82.55487, 421.36125, -0.45985, 0.36052, 0.19099, 0.78872]
[-16.30841, 70.66675, 431.72627, -0.36878, 0.42017, 0.19001, 0.80706]
35
[-16.38513, 74.82410, 428.31864, -0.50468, 0.34325, 0.21754, 0.76168]
[9.10907, 61.30790, 444.94408, -0.31205, 0.44644, 0.16799, 0.82164]
36
[-9.95738, 74.75455, 433.66107, -0.53553, 0.32931, 0.23843, 0.74021]
[20.10639, 55.42615, 460.63281, -0.27022, 0.43310, 0.14893, 0.84689]

37
