12 
[-49.34305, 16.39010, 453.36542, 0.75215, -0.21726, -0.33852, -0.52199]
[-46.03333, 13.20565, 451.66833, 0.76019, -0.22255, -0.36297, -0.49075]
13
[-48.21674, 18.45256, 450.41345, 0.75601, -0.19325, -0.32189, -0.53617]
[-45.25467, 16.28081, 454.57973, 0.74363, -0.20217, -0.35120, -0.53179]
14
[-53.74874, 18.46497, 441.30322, 0.75337, -0.19609, -0.31743, -0.54149]
[-46.24199, 22.62872, 448.01196, 0.72069, -0.22345, -0.33139, -0.56644]
15
[-65.71484, 17.07972, 428.73745, 0.74202, -0.20317, -0.31623, -0.55509]
[-59.56282, 21.50694, 432.32751, 0.71339, -0.21176, -0.30132, -0.59619]
16
[-82.67179, 13.62506, 412.58506, 0.72812, -0.19740, -0.29372, -0.58703]
[-78.05595, 18.48196, 417.92493, 0.70928, -0.20719, -0.27944, -0.61311]
17
[-96.19664, 15.68034, 421.82837, 0.72211, -0.22881, -0.28970, -0.58505]
[-90.02489, 20.50483, 428.13074, 0.69595, -0.21545, -0.24840, -0.63838]
18
[-104.83583, 18.42247, 396.55037, 0.71060, -0.22983, -0.27140, -0.60710]
[-101.56985, 20.01031, 394.63623, 0.69743, -0.21182, -0.23570, -0.64278]
19
[-107.59330, 21.58105, 394.84667, 0.69479, -0.25858, -0.26658, -0.61591]
[-102.71227, 23.76365, 391.60055, 0.67989, -0.24133, -0.23968, -0.64966]
20
[-110.82733, 23.01091, 392.47444, 0.67449, -0.24479, -0.24660, -0.65140]
[-103.35266, 26.49428, 392.36963, -0.65863, 0.23879, 0.21536, 0.68030]
21
[-101.38971, 32.00801, 388.71460, -0.65786, 0.26831, 0.21367, 0.67050]
[-113.63114, 25.08347, 393.95352, -0.65173, 0.22134, 0.23662, 0.68576]
22
[-105.70284, 39.46709, 389.80969, -0.63827, 0.27238, 0.18886, 0.69481]
[-101.93346, 39.37403, 389.94250, -0.63855, 0.26816, 0.18098, 0.69828]
23
[-104.89503, 44.44666, 392.45581, -0.61525, 0.27282, 0.18744, 0.71548]
[-101.96105, 43.00519, 388.96008, -0.63341, 0.26594, 0.18901, 0.70168]
24
[-101.61390, 51.93335, 394.13035, -0.59145, 0.28556, 0.16306, 0.73624]
[-103.43453, 47.02003, 391.63330, -0.61976, 0.26815, 0.20445, 0.70866]
25
[-97.10707, 60.07176, 397.04888, -0.56519, 0.30672, 0.15216, 0.75055]
[-102.36915, 54.26282, 393.32043, -0.60539, 0.28319, 0.20779, 0.71423]
26
[-93.19143, 67.49452, 398.58667, -0.54703, 0.30601, 0.14314, 0.76592]
[-97.51178, 63.00279, 395.70701, -0.58374, 0.29020, 0.18415, 0.73561]
27
[-87.02540, 74.96207, 406.33883, -0.51486, 0.33541, 0.14698, 0.77513]
[-89.99005, 70.58268, 403.95922, -0.54886, 0.31626, 0.18940, 0.75024]
28
[-78.95797, 85.16656, 411.14433, -0.50529, 0.35511, 0.13163, 0.77541]
[-86.01774, 77.53430, 410.38344, -0.52742, 0.31335, 0.18688, 0.76728]
29
[-71.78894, 86.37177, 420.80102, -0.48612, 0.35852, 0.16149, 0.78043]
[-73.42033, 82.91247, 418.62317, -0.49026, 0.33126, 0.16257, 0.78961]
30
[-60.36548, 84.28282, 433.39502, -0.46711, 0.37072, 0.19215, 0.77939]
[-57.59943, 82.12270, 430.40528, -0.44576, 0.35342, 0.14546, 0.80947]
31
[-40.39180, 75.65313, 448.49292, -0.46578, 0.39111, 0.24365, 0.75546]
[-37.45821, 71.83270, 452.39209, -0.38323, 0.37204, 0.16569, 0.82902]
32
[-26.26836, 67.68656, 452.74830, -0.52176, 0.35317, 0.25712, 0.73276]
[2.32334, 59.37318, 467.77893, -0.31717, 0.43645, 0.13956, 0.83032]
33
[-21.49589, 64.03934, 459.17427, -0.54558, 0.33998, 0.29639, 0.70633]
[16.97628, 52.74829, 481.46784, -0.27604, 0.43729, 0.11512, 0.84813]




